-1 -1 -1 -1 -1 -1 -1 -1 -1 69 -1 -1 -1 -1 -1 -1 69 -1 -1 -1 -1 -1 -1 -1 -1
-1 -1 74 -1 -1 -1 -1 -1 -1 -1 -1 69 -1 -1 -1 -1 -1 -1 -1 -1 -1 74 -1 69 74
-1 -1 -1 70 -1 74 -1 -1 -1 -1 -1 -1 -1 -1 -1 69 -1 74 69 69 -1 74 69 -1 -1
-1 -1 -1 74 69 74 -1 -1 -1 -1 -1 -1 74 -1 -1 -1 -1 -1 -1 -1 -1 69 -1 -1 -1
-1 74 -1 -1 -1 -1 -1 -1 -1 -1 74 -1 -1 -1 -1 -1 -1 -1 -1 -1 -1 70 74 -1 -1
-1 -1 -1 -1 -1 -1 -1 69 -1 74 -1 -1 -1 -1 -1 -1 74 -1 74 -1 -1 -1 -1 -1 -1
-1 -1 -1 -1 -1 -1 -1 -1 -1 -1 -1 74 -1 -1 -1 -1 -1 -1 -1 -1 74 -1 -1 -1 -1
69 -1 -1 69 -1 -1 -1 -1 74 -1 -1 -1 -1 -1 -1 -1 -1 70 74 -1 -1 -1 -1 -1 -1
-1 -1 74 -1 -1 69 -1 -1 -1 -1 -1 -1 -1 74 -1 -1 -1 -1 -1 -1 -1 -1 69 74 -1
-1 74 -1 -1 -1 -1 -1 74 -1 -1 -1 -1 -1 -1 -1 -1 74 -1 -1 74 -1 -1 -1 -1 -1
-1 -1 76 -1 -1 -1 -1 -1 -1 -1 -1 -1 -1 -1 -1 -1 -1 -1 -1 -1

-1 -1 -1 -1 71 -1 71 -1 -1 -1 -1 75 71 -1 -1 -1 -1 -1 -1 -1 -1 -1 69 -1 -1
-1 -1 -1 -1 -1 69 -1 -1 -1 -1 -1 -1 -1 -1 -1 -1 -1 -1 29 70 -1 -1 71 -1 -1
-1 -1 -1 -1 -1 -1 -1 -1 -1 -1 69 70 -1 -1 -1 -1 -1 -1 -1 74 69 74 -1 -1 -1
68 -1 70 -1 74 -1 -1 -1 -1 71 -1 71 -1 -1 -1 71 -1 -1 29 -1 -1 -1 -1 74 -1
-1 -1 71 -1 69 -1 70 -1 -1 -1 -1 -1 -1 -1 -1 71 -1 -1 -1 -1 71 -1 -1 -1 -1
-1 -1 -1 -1 71 -1 -1 -1 -1 -1 -1 29 -1 -1 -1 -1 -1 -1 -1 -1 -1 -1 74 -1 -1
-1 -1 29 -1 -1 -1 -1 -1 69 -1 -1 -1 -1 -1 -1 -1 69 -1 75 -1 -1 -1 -1 74 -1
-1 -1 -1 -1 -1 -1 -1 -1 -1 -1 -1 -1 -1 -1 74 -1 -1 -1 -1 -1 69 -1 -1 74 -1
-1 -1 -1 -1 -1 -1 -1 -1 -1 -1 29 -1 -1 69 -1 -1 -1 -1 -1 -1 -1 -1 -1 -1 -1
-1 -1 -1 69 -1 -1 -1 -1 -1 -1 -1 -1 -1 -1 -1 -1 -1 -1 -1 69 -1 -1 -1 -1 -1
-1 -1 -1 -1 -1 -1 -1 -1 -1 -1 -1 -1 -1 -1 -1 -1 -1 -1 -1 -1

-1 74 -1 -1 -1 74 -1 -1 71 -1 74 71 -1 29 -1 -1 -1 -1 -1 74 -1 -1 -1 -1 -1
29 -1 -1 -1 -1 -1 -1 69 68 71 71 -1 -1 -1 72 -1 68 -1 -1 29 -1 -1 -1 -1 -1
-1 29 -1 -1 74 -1 71 -1 -1 70 -1 -1 -1 29 69 -1 -1 71 -1 -1 74 -1 71 -1 -1
-1 -1 -1 -1 -1 -1 73 -1 -1 -1 -1 69 -1 74 -1 29 68 -1 71 -1 -1 -1 -1 -1 -1
-1 72 71 -1 -1 68 -1 -1 70 70 -1 29 -1 -1 -1 -1 -1 71 68 -1 -1 -1 72 -1 74
-1 74 -1 -1 -1 73 -1 -1 -1 68 70 -1 -1 -1 -1 -1 -1 -1 -1 -1 70 -1 -1 -1 68
-1 -1 -1 -1 -1 -1 -1 71 74 -1 -1 -1 -1 -1 29 68 -1 74 -1 -1 68 29 -1 -1 68
-1 -1 70 -1 74 29 -1 68 -1 -1 -1 71 29 -1 -1 -1 75 71 -1 29 -1 70 -1 -1 71
-1 -1 -1 -1 74 -1 68 -1 -1 -1 -1 29 -1 -1 70 -1 29 -1 -1 -1 -1 -1 -1 68 70
71 -1 -1 -1 -1 -1 71 70 -1 29 -1 -1 -1 -1 -1 29 -1 68 -1 -1 -1 29 -1 -1 -1
-1 -1 74 -1 -1 -1 -1 -1 -1 -1 -1 -1 -1 -1 -1 -1 -1 -1 -1 -1

74 -1 -1 74 -1 -1 -1 74 -1 -1 -1 -1 -1 -1 -1 -1 71 -1 -1 71 -1 -1 68 -1 -1
-1 -1 -1 -1 -1 -1 -1 -1 -1 71 71 -1 -1 -1 -1 -1 -1 -1 -1 -1 -1 -1 -1 68 -1
-1 -1 -1 -1 -1 72 -1 -1 -1 -1 70 -1 -1 -1 -1 -1 -1 -1 69 -1 71 -1 -1 -1 -1
-1 -1 -1 74 -1 -1 -1 -1 -1 -1 -1 75 -1 29 29 29 71 -1 -1 -1 -1 -1 -1 70 65
-1 71 71 -1 -1 -1 -1 73 -1 -1 -1 72 -1 -1 -1 -1 -1 -1 -1 -1 -1 74 -1 74 -1
74 -1 -1 74 -1 70 68 71 -1 -1 -1 -1 -1 -1 73 -1 -1 68 72 29 73 -1 -1 71 -1
-1 -1 -1 -1 -1 70 72 -1 68 73 -1 -1 -1 70 71 -1 68 -1 -1 73 -1 -1 71 70 -1
-1 -1 -1 -1 -1 -1 -1 -1 71 68 70 -1 -1 -1 -1 73 68 -1 29 29 -1 -1 29 72 -1
-1 72 -1 -1 -1 70 71 -1 73 -1 -1 -1 -1 -1 68 71 -1 -1 -1 73 29 72 -1 -1 -1
-1 71 -1 29 29 -1 72 70 73 -1 -1 -1 71 -1 -1 -1 -1 -1 71 -1 70 71 -1 -1 -1
-1 -1 -1 -1 -1 -1 -1 -1 -1 -1 -1 -1 -1 -1 -1 -1 -1 -1 -1 -1

-1 -1 -1 -1 -1 -1 -1 -1 -1 -1 -1 -1 -1 -1 -1 -1 -1 -1 -1 -1 -1 -1 -1 -1 -1
-1 -1 -1 -1 -1 -1 -1 -1 -1 -1 -1 -1 -1 -1 -1 -1 -1 -1 -1 -1 -1 -1 -1 -1 -1
-1 -1 -1 -1 -1 -1 -1 -1 -1 -1 -1 -1 -1 -1 -1 -1 -1 -1 -1 -1 -1 -1 -1 -1 -1
-1 -1 -1 -1 -1 -1 -1 -1 -1 -1 -1 -1 -1 -1 -1 29 29 -1 -1 -1 -1 -1 -1 -1 -1
-1 -1 -1 -1 -1 -1 -1 -1 -1 -1 -1 -1 -1 -1 -1 -1 -1 -1 -1 -1 -1 -1 -1 29 -1
-1 -1 -1 -1 -1 -1 -1 -1 -1 -1 -1 -1 -1 -1 -1 -1 -1 -1 -1 -1 -1 -1 -1 -1 -1
-1 -1 -1 -1 -1 -1 -1 -1 -1 -1 -1 -1 -1 -1 -1 -1 -1 -1 -1 -1 -1 -1 -1 -1 -1
-1 -1 -1 -1 -1 -1 -1 -1 -1 -1 -1 -1 -1 -1 -1 -1 -1 -1 -1 -1 -1 -1 -1 -1 -1
-1 -1 -1 -1 -1 -1 -1 -1 -1 -1 -1 -1 -1 -1 -1 -1 -1 -1 -1 -1 -1 -1 -1 -1 -1
-1 -1 -1 -1 -1 -1 -1 -1 -1 -1 -1 -1 -1 -1 -1 -1 -1 -1 -1 -1 -1 -1 -1 -1 -1
-1 -1 -1 -1 -1 -1 -1 -1 -1 -1 -1 -1 -1 -1 -1 -1 -1 -1 -1 -1
