-1 -1 -1 -1 -1 -1 -1 -1 -1 -1 -1 -1 -1 -1 -1 -1 -1 -1 -1 -1 -1 -1 -1 -1 -1
-1 -1 -1 -1 -1 -1 -1 -1 -1 -1 -1 -1 -1 -1 -1 -1 -1 -1 -1 -1 -1 -1 -1 -1 -1
-1 -1 -1 -1 -1 -1 -1 -1 -1 -1 -1 -1 -1 -1 -1 -1 -1 -1 -1 -1 -1 -1 -1 -1 -1
-1 -1 -1 -1 -1 -1 -1 -1 -1 -1 -1 -1 -1 -1 -1 -1 -1 -1 -1 -1 -1 -1 -1 -1 -1
-1 -1 -1 -1 -1 -1 -1 -1 -1 -1 -1 -1 -1 -1 -1 -1 -1 -1 -1 -1 -1 -1 -1 -1 -1
-1 -1 -1 -1 -1 -1 -1 -1 -1 -1 -1 -1 -1 -1 -1 -1 -1 -1 -1 -1 -1 -1 -1 -1 -1
-1 -1 -1 -1 -1 -1 -1 -1 -1 -1 -1 -1 -1 -1 -1 -1 -1 -1 -1 -1 -1 -1 -1 -1 -1
-1 -1 -1 -1 -1 -1 -1 -1 -1 -1 -1 -1 -1 -1 -1 -1 -1 -1 -1 -1 -1 -1 -1 -1 -1
-1 -1 -1 -1 -1 -1 -1 -1 -1 -1 -1 -1 -1 -1 -1 -1 -1 -1 -1 -1 -1 -1 -1 -1 -1
-1 -1 -1 -1 -1 -1 -1 -1 -1 -1 -1 -1 -1 -1 -1 -1 -1 -1 -1 -1 -1 -1 -1 -1 -1
-1 -1 -1 -1 -1 -1 -1 -1 -1 -1 -1 -1 -1 -1 -1 -1 -1 -1 -1 -1

-1 -1 -1 -1 -1 -1 -1 -1 -1 -1 -1 -1 -1 -1 -1 -1 -1 -1 -1 -1 -1 -1 -1 -1 -1
-1 -1 -1 -1 -1 -1 -1 -1 -1 -1 -1 -1 -1 -1 -1 -1 -1 18 16 -1 -1 -1 -1 -1 -1
-1 -1 -1 -1 -1 -1 -1 -1 58 55 -1 51 55 -1 -1 -1 -1 -1 -1 -1 -1 -1 -1 -1 18
16 -1 -1 -1 -1 -1 -1 58 48 55 -1 -1 -1 -1 -1 -1 -1 -1 51 55 -1 -1 -1 -1 -1
-1 -1 -1 -1 -1 -1 58 55 -1 -1 -1 -1 18 20 12 26 23 26 -1 -1 -1 -1 -1 -1 -1
-1 -1 -1 -1 -1 -1 -1 -1 -1 -1 -1 23 20 26 -1 -1 -1 -1 -1 -1 -1 -1 -1 -1 -1
-1 -1 58 48 55 -1 -1 -1 -1 -1 -1 -1 -1 -1 -1 -1 -1 -1 -1 -1 -1 -1 58 55 -1
-1 -1 -1 -1 -1 -1 -1 -1 -1 -1 -1 23 26 -1 -1 -1 -1 -1 -1 -1 -1 -1 -1 -1 -1
-1 -1 -1 -1 -1 -1 -1 58 55 58 53 -1 -1 -1 -1 -1 -1 -1 58 55 -1 -1 -1 -1 -1
-1 -1 -1 -1 -1 -1 -1 -1 -1 -1 -1 58 55 -1 -1 -1 -1 -1 -1 -1 -1 -1 58 55 -1
-1 -1 -1 -1 -1 -1 -1 -1 -1 -1 -1 -1 -1 -1 -1 -1 -1 -1 -1 -1

-1 -1 -1 -1 66 -1 -1 -1 -1 -1 23 06 12 16 14 -1 -1 66 -1 -1 -1 -1 -1 -1 66
38 42 48 40 -1 66 -1 -1 66 61 62 66 -1 66 -1 08 06 19 27 26 -1 -1 -1 14 -1
-1 18 10 66 -1 -1 -1 38 59 56 48 52 56 40 -1 -1 66 -1 -1 -1 -1 -1 -1 23 19
27 16 -1 -1 -1 -1 38 59 49 56 53 -1 -1 -1 -1 51 42 48 52 56 40 -1 -1 -1 -1
66 61 62 66 -1 38 59 56 48 48 40 08 19 21 28 27 24 27 26 -1 66 -1 -1 -1 -1
-1 -1 -1 -1 66 -1 -1 18 10 08 06 24 21 27 04 10 -1 14 -1 -1 18 10 -1 66 38
42 48 59 49 56 53 -1 -1 -1 -1 -1 -1 51 55 58 53 -1 38 34 30 53 51 59 56 53
-1 -1 -1 -1 51 48 42 40 -1 -1 18 24 27 10 08 16 -1 -1 18 16 14 -1 -1 08 10
66 -1 61 62 -1 38 34 59 56 59 54 40 -1 -1 -1 -1 58 48 59 56 55 -1 51 40 -1
-1 -1 -1 18 16 14 -1 -1 08 10 51 59 56 34 30 40 38 53 -1 -1 -1 38 59 56 40
-1 66 -1 -1 -1 -1 -1 -1 -1 -1 -1 -1 -1 -1 -1 -1 -1 -1 -1 -1

-1 -1 -1 66 67 -1 14 65 23 20 24 07 01 17 15 10 65 67 66 -1 66 38 42 40 67
39 49 37 41 66 67 65 66 67 63 64 67 66 67 65 09 07 25 22 27 20 12 13 15 04
06 19 11 67 66 -1 65 39 60 43 49 60 57 41 65 66 67 65 -1 -1 -1 -1 18 24 28
25 17 10 -1 -1 -1 39 60 50 57 54 45 48 45 32 52 37 43 60 57 41 65 66 -1 -1
67 63 64 67 66 39 60 57 43 37 41 09 01 03 25 28 25 28 27 16 67 -1 -1 -1 -1
-1 -1 -1 66 67 08 12 19 11 09 07 25 22 28 05 11 18 15 13 12 19 11 65 67 39
43 43 60 50 57 54 42 45 53 66 65 51 52 56 59 54 40 39 35 31 54 52 60 57 54
48 42 53 58 52 37 43 41 -1 08 19 25 28 11 09 17 12 13 19 17 15 13 10 09 11
67 65 63 64 -1 39 35 60 57 60 31 41 51 48 53 58 59 49 60 57 56 48 52 41 -1
18 20 13 19 17 15 13 10 09 11 52 60 57 35 31 41 39 54 55 38 55 39 60 57 41
65 67 66 -1 -1 -1 -1 -1 -1 -1 -1 -1 -1 -1 -1 -1 -1 -1 -1 -1

-1 -1 -1 -1 -1 -1 -1 -1 -1 -1 -1 -1 -1 -1 -1 -1 -1 -1 -1 -1 -1 -1 -1 -1 -1
-1 -1 -1 -1 -1 -1 -1 -1 -1 -1 -1 -1 -1 -1 -1 -1 -1 -1 -1 -1 -1 -1 -1 -1 -1
-1 -1 -1 -1 -1 -1 -1 -1 -1 -1 -1 -1 -1 -1 -1 -1 -1 -1 -1 -1 -1 -1 -1 -1 -1
-1 -1 -1 -1 -1 -1 -1 -1 -1 -1 -1 -1 -1 -1 -1 -1 -1 -1 -1 -1 -1 -1 -1 -1 -1
-1 -1 -1 -1 -1 -1 -1 -1 -1 -1 -1 -1 -1 -1 -1 -1 -1 -1 -1 -1 -1 -1 -1 -1 -1
-1 -1 -1 -1 -1 -1 -1 -1 -1 -1 -1 -1 -1 -1 -1 -1 -1 -1 -1 -1 -1 -1 -1 -1 -1
-1 -1 -1 -1 -1 -1 -1 -1 -1 -1 -1 -1 -1 -1 -1 -1 -1 -1 -1 -1 -1 -1 -1 -1 -1
-1 -1 -1 -1 -1 -1 -1 -1 -1 -1 -1 -1 -1 -1 -1 -1 -1 -1 -1 -1 -1 -1 -1 -1 -1
-1 -1 -1 -1 -1 -1 -1 -1 -1 -1 -1 -1 -1 -1 -1 -1 -1 -1 -1 -1 -1 -1 -1 -1 -1
-1 -1 -1 -1 -1 -1 -1 -1 -1 -1 -1 -1 -1 -1 -1 -1 -1 -1 -1 -1 -1 -1 -1 -1 -1
-1 -1 -1 -1 -1 -1 -1 -1 -1 -1 -1 -1 -1 -1 -1 -1 -1 -1 -1 -1

